"Time","Estimate","lower_bound","upper_bound","p_val","Outcome"
1995,0.0653479055389781,NA,NA,NA,"lnPROPERTY"
1996,0.00578850556722799,NA,NA,NA,"lnPROPERTY"
1997,-0.00384710916783781,NA,NA,NA,"lnPROPERTY"
1998,-0.0142212477201813,NA,NA,NA,"lnPROPERTY"
1999,-0.0331333506133316,NA,NA,NA,"lnPROPERTY"
2000,-0.0413161436612697,NA,NA,NA,"lnPROPERTY"
2001,-0.0461204529722554,NA,NA,NA,"lnPROPERTY"
2002,-0.0275119034691862,NA,NA,NA,"lnPROPERTY"
2003,0.0252467986787259,NA,NA,NA,"lnPROPERTY"
2004,0.00156412343621781,NA,NA,NA,"lnPROPERTY"
2005,0.00551671161940881,NA,NA,NA,"lnPROPERTY"
2006,0.0405551526104695,NA,NA,NA,"lnPROPERTY"
2007,0.0224058855153322,NA,NA,NA,"lnPROPERTY"
2008,0.0251899980371721,NA,NA,NA,"lnPROPERTY"
2009,-0.0195173150823322,NA,NA,NA,"lnPROPERTY"
2010,-0.0125795856221051,NA,NA,NA,"lnPROPERTY"
2011,-0.0222243280133894,NA,NA,NA,"lnPROPERTY"
2012,0.00659043736991016,NA,NA,NA,"lnPROPERTY"
2013,0.0166952693118576,NA,NA,NA,"lnPROPERTY"
2014,0.0060219064848539,NA,NA,NA,"lnPROPERTY"
2015,0.0177482290749422,NA,NA,NA,"lnPROPERTY"
2016,-0.0235903484688302,NA,NA,NA,"lnPROPERTY"
2017,-0.00463755062424376,-0.0623578585140565,0.0530827572655689,0.946,"lnPROPERTY"
2018,-0.0495031139142057,-0.107223421804018,0.008217193975607,0.337,"lnPROPERTY"
2019,-0.00516336074430512,-0.0628836686341178,0.0525569471455076,0.962,"lnPROPERTY"
